5 4 5 7 0 3 0 8 2 2 6 3 8 9 7 5 
9 0 6 9 5 0 1 5 9 4 4 3 9 9 0 4 
3 7 3 6 0 5 6 4 7 3 9 5 4 9 0 3 
9 9 5 4 1 6 9 2 1 6 5 2 5 7 8 0 
6 1 8 7 6 5 1 5 0 3 2 4 2 5 8 1 
6 5 7 7 3 9 0 6 5 7 8 0 7 8 2 3 
1 1 2 9 6 6 4 6 9 9 2 1 4 2 4 0 
7 1 9 1 2 9 7 7 9 8 9 6 6 2 1 8 
3 4 7 9 0 4 7 1 5 9 2 1 2 8 1 1 
9 2 4 2 4 2 1 3 2 1 1 8 3 4 8 6 
8 8 7 0 4 4 1 9 5 5 0 9 3 3 3 5 
7 7 9 1 1 0 4 3 3 7 4 6 2 4 4 2 
4 1 5 0 7 6 9 5 2 1 6 7 6 9 2 4 
7 3 5 0 4 2 6 9 1 0 6 3 6 0 8 1 
4 3 1 1 1 3 8 5 6 5 3 5 4 7 9 3 
1 6 4 7 8 0 6 0 2 4 5 8 5 5 1 1
